
R,0,Oliver Springs,60,2,10,30,90,160,250,50,50

R,0,Karns,60,4,20,60,180,320,450,50,50

P,Bissell Park,200
R,1,Kingston,100,6,30,90,270,400,550,50,50

R,1,Rockwood,100,6,30,90,270,400,550,50,50
R,1,Harriman,120,8,40,100,300,450,600,50,50

R,2,Coalfield,140,10,50,150,450,625,750,100,100
D,Watts Bar Dam,150
R,2,Wartburg,140,10,50,150,450,625,750,100,100
R,2,Sunbright,160,12,60,180,500,700,900,100,100
P,Chilhowee Park,200
R,3,Pigeon Forge,180,14,70,200,550,750,950,100,100

R,3,Gatlinburg,180,14,70,200,550,750,950,100,100
R,3,Halls Crossroads,200,16,80,220,600,800,1000,100,100

R,4,Lenior City,220,18,90,250,700,875,1050,150,150

R,4,Morristown,220,18,90,250,700,875,1050,150,150
R,4,Seymour,240,20,100,300,750,925,1100,150,150
P,Market Square,200
R,5,Clinton,260,22,110,330,800,975,1150,150,150
R,5,Powell,260,22,110,330,800,975,1150,150,150
D,Norris Dam,150
R,5,Sevierville,280,24,120,360,850,1025,1200,150,150

R,6,Alcoa,300,26,130,390,900,1100,1275,200,200
R,6,Maryville,300,26,130,390,900,1100,1275,200,200

R,6,Farragut,320,28,150,450,1000,1200,1400,200,200
P,World's Fair Park,200

R,7,Oak Ridge,350,35,175,500,1100,1300,1500,200,200

R,7,Knoxville,400,50,200,600,1400,1700,2000,200,200